[5. 5.]
     mu    h  gcn_minus_mlp  p_gcn_mlp  h2_minus_gcn  p_h2_gcn  h2_minus_mlp  h2_vs_max  lp_minus_mlp  n
0   0.5  0.0          0.139      0.000         0.154     0.000         0.293      0.154        -0.070  5
1   0.5  0.1          0.007      0.627         0.106     0.002         0.113      0.106        -0.063  5
2   0.5  0.2         -0.032      0.047         0.073     0.006         0.041      0.041        -0.080  5
3   0.5  0.3         -0.019      0.320         0.029     0.313         0.011      0.011        -0.079  5
4   0.5  0.4          0.010      0.548        -0.027     0.136        -0.017     -0.027        -0.002  5
5   0.5  0.5          0.116      0.000        -0.052     0.000         0.063     -0.052         0.110  5
6   0.5  0.6          0.234      0.000        -0.078     0.008         0.156     -0.078         0.274  5
7   0.5  0.7          0.369      0.000        -0.028     0.019         0.341     -0.028         0.448  5
8   0.5  0.8          0.490      0.000        -0.011     0.205         0.480     -0.011         0.569  5
9   0.5  0.9          0.561      0.000         0.005     0.387         0.567      0.005         0.606  5
10  0.5  1.0          0.591      0.000         0.008     0.029         0.600      0.008         0.610  5
11  1.0  0.0          0.170      0.000         0.201     0.000         0.371      0.201        -0.219  5
12  1.0  0.1          0.003      0.651         0.181     0.000         0.184      0.181        -0.212  5
13  1.0  0.2         -0.095      0.001         0.143     0.000         0.048      0.048        -0.229  5
14  1.0  0.3         -0.091      0.007         0.086     0.016        -0.004     -0.004        -0.227  5
15  1.0  0.4         -0.033      0.142         0.030     0.085        -0.003     -0.003        -0.151  5
16  1.0  0.5          0.099      0.014        -0.003     0.865         0.096     -0.003        -0.039  5
17  1.0  0.6          0.253      0.000        -0.023     0.021         0.230     -0.023         0.125  5
18  1.0  0.7          0.365      0.000        -0.014     0.072         0.351     -0.014         0.299  5
19  1.0  0.8          0.431      0.000        -0.003     0.338         0.428     -0.003         0.420  5
20  1.0  0.9          0.453      0.000         0.001     0.636         0.454      0.001         0.457  5
21  1.0  1.0          0.458      0.000         0.001     0.688         0.459      0.001         0.461  5
22  2.0  0.0          0.071      0.002         0.082     0.001         0.153      0.082        -0.510  5
23  2.0  0.1         -0.100      0.000         0.195     0.000         0.095      0.095        -0.503  5
24  2.0  0.2         -0.227      0.000         0.244     0.000         0.017      0.017        -0.520  5
25  2.0  0.3         -0.253      0.000         0.227     0.000        -0.027     -0.027        -0.519  5
26  2.0  0.4         -0.164      0.001         0.147     0.001        -0.017     -0.017        -0.442  5
27  2.0  0.5         -0.043      0.058         0.077     0.002         0.034      0.034        -0.330  5
28  2.0  0.6          0.067      0.003         0.017     0.101         0.084      0.017        -0.166  5
29  2.0  0.7          0.133      0.000         0.002     0.611         0.135      0.002         0.008  5
30  2.0  0.8          0.164      0.000        -0.009     0.063         0.155     -0.009         0.129  5
31  2.0  0.9          0.166      0.000         0.001     0.242         0.167      0.001         0.166  5
32  2.0  1.0          0.169      0.000         0.000     1.000         0.169      0.000         0.170  5
H1      mu    h  gcn_minus_mlp  p_gcn_mlp  h2_minus_gcn  p_h2_gcn  h2_minus_mlp  h2_vs_max  lp_minus_mlp  n
14  1.0  0.3        -0.0907     0.0073        0.0863    0.0164       -0.0044    -0.0044       -0.2274  5
15  1.0  0.4        -0.0333     0.1424        0.0304    0.0848       -0.0030    -0.0030       -0.1507  5
16  1.0  0.5         0.0989     0.0136       -0.0030    0.8652        0.0959    -0.0030       -0.0385  5
H2 violations (h2 below max(mlp,gcn) by >0.02): [[0.5, 0.4, -0.027], [0.5, 0.5, -0.052], [0.5, 0.6, -0.078], [0.5, 0.7, -0.028], [1.0, 0.6, -0.023], [2.0, 0.3, -0.027]]
H2 min margin -0.07777780890464792
winners mu 0.5 {np.float64(0.0): 'H2GCN', np.float64(0.1): 'H2GCN', np.float64(0.2): 'H2GCN', np.float64(0.3): 'H2GCN', np.float64(0.4): 'GCN', np.float64(0.5): 'GCN', np.float64(0.6): 'LP', np.float64(0.7): 'LP', np.float64(0.8): 'LP', np.float64(0.9): 'LP', np.float64(1.0): 'LP'}
winners mu 1.0 {np.float64(0.0): 'H2GCN', np.float64(0.1): 'H2GCN', np.float64(0.2): 'H2GCN', np.float64(0.3): 'MLP', np.float64(0.4): 'MLP', np.float64(0.5): 'GCN', np.float64(0.6): 'GCN', np.float64(0.7): 'GCN', np.float64(0.8): 'GCN', np.float64(0.9): 'LP', np.float64(1.0): 'LP'}
winners mu 2.0 {np.float64(0.0): 'H2GCN', np.float64(0.1): 'H2GCN', np.float64(0.2): 'H2GCN', np.float64(0.3): 'MLP', np.float64(0.4): 'MLP', np.float64(0.5): 'H2GCN', np.float64(0.6): 'H2GCN', np.float64(0.7): 'H2GCN', np.float64(0.8): 'GCN', np.float64(0.9): 'H2GCN', np.float64(1.0): 'LP'}
GCN>MLP at h (mu=0.5): [np.float64(0.0), np.float64(0.1), np.float64(0.4), np.float64(0.5), np.float64(0.6), np.float64(0.7), np.float64(0.8), np.float64(0.9), np.float64(1.0)]
GCN>MLP at h (mu=1): [np.float64(0.0), np.float64(0.1), np.float64(0.5), np.float64(0.6), np.float64(0.7), np.float64(0.8), np.float64(0.9), np.float64(1.0)]
GCN>MLP at h (mu=2): [np.float64(0.0), np.float64(0.6), np.float64(0.7), np.float64(0.8), np.float64(0.9), np.float64(1.0)]
realized h mean abs dev 0.0038592013717930218 max 0.015463917525773141
