0.1 full 0.7237037181854248 tied 0.35555556416511536 p 4.769071309364811e-06 2hop 0.7551851868629456 p 0.03232808674921308
0.4 full 0.53629629611969 tied 0.5474074125289917 p 0.5502261140921091 2hop 0.5237037062644958 p 0.3629505914924218
0.9 full 0.9937036871910095 tied 0.9303703665733337 p 3.98392315622861e-05 2hop 0.9966666579246521 p 0.034919706674539024
             mean    std
sys   deg               
GCN   2.0   0.525  0.023
      5.0   0.499  0.030
      10.0  0.506  0.023
      20.0  0.554  0.037
H2GCN 2.0   0.527  0.020
      5.0   0.550  0.038
      10.0  0.536  0.040
      20.0  0.604  0.037
MLP   2.0   0.584  0.009
      5.0   0.583  0.032
      10.0  0.539  0.029
      20.0  0.602  0.016
2 -0.05888890027999878 0.006716877816676496
5 -0.08444445729255676 0.0037723180163235824
10 -0.033333313465118405 0.14239154195015513
20 -0.04814814329147339 0.008117071921336611
